0.475114444304 0.308797679291 0.384525407213
0.216138713657 0.390406307075 0.456019863965
0.392118151713 0.477932678061 0.400697282707
0.483533494186 0.444657125728 0.261669091661
0.412422171848 0.203227058414 0.209382101535
0.443972238608 0.210306251821 0.269862325311
0.450783268377 0.375508663602 0.434489353553
0.450466572056 0.460508074646 0.311633541373
0.462471631981 0.429678672784 0.321069364639
0.34626869857 0.334498391412 0.207689082588
0.497623069124 0.425658344436 0.467343211547
0.38461086402 0.496684112773 0.45707236977
0.323537263996 0.302785560333 0.344079846244
0.249578904115 0.328747100917 0.2877270524
0.461373697159 0.32936856453 0.417254654827
0.411963531914 0.236177119244 0.239851372955
0.26927782931 0.399209020982 0.214192529201
0.427877535254 0.329688591242 0.338810102245
0.424492609714 0.263905271261 0.406224639438
0.292481122113 0.294063216676 0.29289439908
0.321096432179 0.492317695452 0.291182302646
0.365472298523 0.205513936347 0.246112355335
0.437246259685 0.277400612531 0.372612224696
0.250218318688 0.322924912677 0.415411411225
0.496953104375 0.377370548762 0.419425062695
0.294409228285 0.494605243083 0.475925920511
0.422994396738 0.396019823498 0.460139888909
0.320266182959 0.464894723969 0.340056914996
0.235949639353 0.477003428949 0.214220684133
0.283756683586 0.21380330726 0.233290828455
0.38945399446 0.296562068781 0.47334598758
0.247552725074 0.216401878094 0.425656926396
0.268151079039 0.213989396909 0.334249831173
0.329984946197 0.272904457365 0.312859082754
0.264347012072 0.319641045049 0.475555325361
0.495144559616 0.274175469388 0.275110475036
0.232616974443 0.207257830347 0.324432440466
0.312246963026 0.290850591061 0.432952835519
0.460221082595 0.337971465562 0.27911518773
0.255227834102 0.203137089423 0.341377894577
0.450056987426 0.342114754123 0.33793376234
0.337055121029 0.377720224053 0.49263444591
0.286309284451 0.48823015384 0.373510933083
0.387574433211 0.442840052968 0.492447007808
0.492016566411 0.357444971498 0.245522676624
0.202640532497 0.203753150763 0.451099845557
0.308417171575 0.24922139267 0.32700210768
0.463475377661 0.288671088234 0.392235878164
0.423667430817 0.412684303953 0.443032950049
0.358066852925 0.324420309839 0.442078508342
0.336925419697 0.296343635125 0.392455523448
0.426287174336 0.245654931263 0.485003536446
0.349103170546 0.203571061223 0.243760074018
0.254664598487 0.269410164786 0.234558457001
0.34380690025 0.347301621534 0.366548679721
0.263139913672 0.362397576622 0.244556173059
0.332471255439 0.3399137049 0.491214564795
0.419827621508 0.294032077011 0.369616924381
0.24621193119 0.45549710245 0.480639446136
0.440549641589 0.487649190524 0.301626207007
0.231480199665 0.432196093988 0.402897435703
0.21260651821 0.346734211106 0.435423813013
0.396169748104 0.211462443472 0.485822447648
0.206996211376 0.336477829938 0.29090790703
0.377897736613 0.351886635111 0.233560535697
0.245280308127 0.325407622416 0.311222902778
0.312682735526 0.406386822965 0.277935963688
0.35487694285 0.228832288415 0.398800344637
0.391049712689 0.216521958795 0.260454313368
0.405508390899 0.311456717856 0.412297246411
0.287822289974 0.276807251143 0.288171506099
0.261341502296 0.276620468157 0.347204683472
0.309522721675 0.20537891703 0.434841395093
0.398956734918 0.390732594407 0.472527416667
0.211325137814 0.394912112396 0.474044380221
0.277327607602 0.322638649692 0.471170878311
0.306638208254 0.296672143413 0.297087485624
0.396867208184 0.428751697039 0.234113411501
0.298606111346 0.4560996452 0.314621840727
0.337882623148 0.312323422809 0.264946884921
0.4853582948 0.41087206349 0.240742288175
0.457080450947 0.336820046614 0.476171440417
0.301118455467 0.301318185481 0.296846791146
0.418108780589 0.221200953207 0.439974602274
0.211990176972 0.376455753245 0.427763105527
0.354662149202 0.279396913397 0.495181359112
0.366102374428 0.388304765812 0.399211316656
0.362763754607 0.309598383989 0.294531847087
0.218061427097 0.39521041077 0.253437547734
0.417501775717 0.464160315009 0.467045924809
0.375308656943 0.265546497563 0.297644521647
0.206035428367 0.20625758152 0.339165630637
0.276193415976 0.29462762449 0.462203998807
0.225330145055 0.244440774169 0.361001204978
0.34962999205 0.243549364064 0.242789126121
0.446366114887 0.393043176583 0.204037125204
0.380335146105 0.405421715794 0.2719076202
0.249684250941 0.37825132455 0.204810632286
0.380903260425 0.349774667907 0.204496786975
0.409253933355 0.200000245849 0.312288974756
0.210174932101 0.295172072703 0.417457435019
0.430685612359 0.359829185183 0.285879786033
0.239466435398 0.477155872208 0.25115585106
0.472626461137 0.291084082746 0.400011062799
0.333364232339 0.36643459233 0.273730718416
0.300549367799 0.448565506453 0.296429116122
0.457485428193 0.342442678264 0.240053169128
0.311898806595 0.408246397639 0.399354915478
0.327123890613 0.42918752319 0.339694729709
0.221293990102 0.233550997914 0.207442579888
0.360465117295 0.40272966968 0.344985675766
0.320615034243 0.381977869768 0.380267004981
0.300641706859 0.340767982229 0.306367176087
0.306659942357 0.24909522065 0.212946292746
0.334601086463 0.360042323536 0.26216093895
0.222281591678 0.330615465122 0.223204468103
0.232026559139 0.38402554678 0.206085330652
0.29851458156 0.413999692917 0.308375939141
0.439349216235 0.214349565744 0.228227115613
0.466021798127 0.412536498002 0.43085128722
0.326934787084 0.33547702714 0.477142889173
0.420297320144 0.466981909237 0.223137648098
0.254932674832 0.362780685506 0.399487902798
0.256506857996 0.270844475766 0.391854800972
0.474045035031 0.336240649847 0.257558353074
0.454818904367 0.207622073291 0.358662048652
0.252430803048 0.401624359867 0.399308758908
0.245039616644 0.224017575466 0.26544404025
0.327374820535 0.276684530453 0.247325733686
0.387032578529 0.392554489379 0.234310448593
0.266456743042 0.450536485652 0.317034203236
0.299308325828 0.217430032578 0.419731038053
0.313503145832 0.443080148222 0.374851958605
0.213696854037 0.21510542319 0.352352660133
0.326217618451 0.43771336708 0.306962553964
0.362376313679 0.342040304971 0.460896172334
0.229681929185 0.278996945062 0.494412998303
0.204726618601 0.344080620824 0.287948012165
0.26880077302 0.487385427978 0.222862081055
0.357404721522 0.372032550719 0.371138267305
0.292009403932 0.283078405169 0.216377619075
0.439600850072 0.419813405249 0.202851928195
0.217166243891 0.347717649183 0.469511270749
0.40701088886 0.495847036544 0.318984232282
0.45787689309 0.461421055832 0.497219719659
0.254949191961 0.281059694223 0.379857078963
0.232558300518 0.382619217254 0.46325558044
0.39204838348 0.230458100332 0.210225100952
0.411994286978 0.458311160153 0.377959866417
0.363693939539 0.486043129755 0.255072553833
0.290167275776 0.375720493953 0.463550852604
0.290220569169 0.325535375993 0.492537712934
0.202840947992 0.213046561556 0.43793219686
0.461429646059 0.35603776931 0.479083976165
0.212347353895 0.242569873481 0.231661537427
0.388286261094 0.247077959564 0.425471613644
0.269036031114 0.267315182837 0.45895474593
0.209235897134 0.45502019778 0.282129570448
0.26389191789 0.349265176069 0.221006929284
0.266885055384 0.221364072283 0.467893403045
0.421341924024 0.449721860509 0.409295667892
0.272397406533 0.358960020432 0.344164359627
0.239144095852 0.456528438445 0.321717007949
0.241356737367 0.214956388933 0.229040878959
0.230217215229 0.224745370335 0.355599290158
0.240361800247 0.265739454403 0.329439715986
0.230394649008 0.313570167833 0.222966502392
0.302001273514 0.238492722064 0.268896397955
0.464941223304 0.249902234042 0.258552312441
0.203577762324 0.318565929057 0.398543296368
0.472919480675 0.38448235196 0.264413107523
0.409520999308 0.41128668877 0.448464326866
0.288493326298 0.312675435825 0.241093849099
0.236435750304 0.247098643751 0.305807710498
0.433885404754 0.419698086055 0.347264782888
0.286318466441 0.279756335188 0.289074477225
0.365304396332 0.415732246679 0.302471044985
0.296810799156 0.301971370652 0.306346895104
0.203639921172 0.218251441349 0.200876127095
0.24948115938 0.491863948644 0.269900276257
0.27202471172 0.402019269947 0.41499904017
0.487416438607 0.30983133854 0.358632498382
0.26931789187 0.405004517112 0.210445191956
0.310531513601 0.261980997226 0.35329288288
0.268438983044 0.334635175156 0.228481161014
0.383175462946 0.374585490133 0.373547419784
0.35099661307 0.209791624033 0.318954473152
0.475448210365 0.28546767918 0.42766367677
0.272691679583 0.324445393688 0.495841936361
0.200028168073 0.254815169543 0.216928185595
0.343218721357 0.309285524233 0.420986846766
0.280090863023 0.283966218978 0.30084385447
0.349733781841 0.284731004268 0.35649647592
0.280457066998 0.209906225601 0.495248644077
0.317045889722 0.354348164115 0.491313233208
0.310873422212 0.218945546085 0.261359567248
0.323787254596 0.249071640335 0.455203243446
0.434939659864 0.209665523413 0.267145972949
0.415272672147 0.393058311872 0.301924993836
0.304155359971 0.328871396031 0.265385402875
0.250825432607 0.263236698722 0.386052998275
0.461997606964 0.360735196989 0.402134321865
0.29628400429 0.427420329217 0.27917898339
0.251467425282 0.40822652539 0.290708123426
0.339234299303 0.380654468278 0.25937459243
0.43890958335 0.378171687624 0.408706560417
0.212573934214 0.310159056369 0.237087555415
0.236384506156 0.27513499998 0.223233271171
0.374540150223 0.304589218473 0.340803192495
0.246827996386 0.320603782505 0.436878220675
0.211446743942 0.372351655387 0.291271620914
0.301189544022 0.420905862571 0.330319880361
0.284216798298 0.430557434734 0.248369960824
0.224131827345 0.395536734289 0.286803198167
0.43542928204 0.229046046614 0.223610455831
0.234979601421 0.252839837886 0.23831369254
0.362429311499 0.272501431685 0.377093684719
0.418695762189 0.215783193362 0.461706016722
0.455011021951 0.245395015153 0.321379741834
0.478252239257 0.481918335884 0.461745342831
0.206272681156 0.231559106902 0.370896591367
0.232773184135 0.249246423746 0.323581164699
0.27119250472 0.458320857589 0.210956557853
0.272303782426 0.226750959281 0.342811749662
0.254204077018 0.250908766888 0.337239952155
0.241611705723 0.302553574234 0.324778871877
0.389341962981 0.433453151643 0.29222090025
0.419690984158 0.26954250405 0.473279650939
0.258074601898 0.246957427022 0.243070796007
0.236362249313 0.459340349999 0.204255951841
0.326172477959 0.446972261889 0.23953139738
0.261727485029 0.256553641839 0.324803199105
0.207087125638 0.421991130077 0.253900906398
0.218514530958 0.293874038478 0.294275289855
0.339975998458 0.241375825836 0.237049302387
0.363481044365 0.321771642892 0.252181421912
0.261093715232 0.253358787732 0.408103242838
0.24265082622 0.30456374342 0.399224773237
0.200669614751 0.446672576799 0.394452085796
0.234604338196 0.396633148063 0.298703830092
0.297761967649 0.300297061361 0.431900046356
0.216842600002 0.369818304099 0.276921936439
0.356306661414 0.340412014076 0.408968951598
0.348004004693 0.311431948876 0.408741571746
0.236683003221 0.324176231447 0.302533219949
0.237449157771 0.477116586323 0.311768004657
0.262052717669 0.259733498806 0.24811434081
0.25873213889 0.204216547522 0.432958997106
0.405818290639 0.461957792595 0.293275083695
0.362398382878 0.206439668206 0.400650360972
0.209946650309 0.307423569437 0.348385030863
0.379723989283 0.426945552918 0.24856660905
0.217850463787 0.253228100611 0.246610581766
0.407594136267 0.343600637387 0.363819059457
0.303585852832 0.214842860962 0.28384486164
0.326017440097 0.210679853123 0.265034734994
0.226285446126 0.240077145556 0.351749515225
0.33586274673 0.201672427849 0.279538173
0.233603904768 0.202006054539 0.215610343664
0.368714735813 0.221785498301 0.297857861773
0.258807698332 0.381702836547 0.255276184006
0.267962874491 0.279869605089 0.28095701417
0.289663237817 0.297483428304 0.21204326203
0.240805120301 0.339419747744 0.356506534208
0.224730483397 0.260203609027 0.376652378119
0.281686947884 0.27954277513 0.246950246216
0.303462258725 0.279298216335 0.200787312492
0.220839219412 0.214946410796 0.268734166785
0.25421825088 0.243655589097 0.268969921755
0.248299706911 0.217744631709 0.238672199249
0.22956291175 0.260802838494 0.397040167158
0.238656356601 0.23350086406 0.283076352035
0.231727231719 0.316663027416 0.451805979042
0.222797736128 0.362383164247 0.207139540515
0.313520596986 0.329727591211 0.201474048537
0.227697935742 0.26104503554 0.334361159473
0.294107635383 0.446553120715 0.334637733562
0.318428411439 0.234212011655 0.226373720867
0.374595958954 0.22448994501 0.249599714889
0.221065099512 0.274868249073 0.351972557837
0.256214564039 0.286479202153 0.363273319606
0.402904169126 0.337551427894 0.208981399828
0.203612512774 0.210699191995 0.217261993461
0.323643351146 0.248873194216 0.211264310474
0.216704192616 0.276383305052 0.22233024856
0.232574454005 0.216740692284 0.313993423271
0.225566773363 0.311985765683 0.287765144793
0.267677007815 0.252962711165 0.234973519998
0.336078233227 0.270279005497 0.209060505257
0.25261524832 0.3343882124 0.223994258344
0.227999348956 0.277808891258 0.279334371062
0.267266364776 0.201613611079 0.206758501205
0.206141232882 0.216128113768 0.358544285386
0.319399333846 0.266828411348 0.278110862214
0.317543119706 0.257545659442 0.306449534054
0.29002580827 0.277897499363 0.213920589551
0.238403310161 0.254336386114 0.235297208415
0.278528072028 0.24082470239 0.245626299293
0.216317175008 0.408673446473 0.35167058175
0.320728544348 0.22756990356 0.208559351618
0.335072619488 0.327205847147 0.211575763689
0.310267070758 0.249559920089 0.306370214227
0.225337921424 0.402201397932 0.279464239212
0.298484475223 0.280593535861 0.318863460262
0.217733945472 0.205884135008 0.371578267887
0.32234062552 0.212850343969 0.25242623768
0.347219056877 0.358552643674 0.273744759068
0.306849694356 0.344929391769 0.244392494465
0.262365293393 0.213553160233 0.302606624812
0.309092742888 0.24893711377 0.260558478662
0.316311519088 0.318520909477 0.269915171955
0.321912899473 0.24810600582 0.254169921752
0.206656479055 0.410402435474 0.270453964768
0.242296825124 0.325442009497 0.348233859272
0.374225817199 0.293276900872 0.239705838826
0.229074119998 0.311026147095 0.284632922554
0.251103186449 0.408076527649 0.302373094538
0.353346783979 0.458255766457 0.264739319806
0.33749173484 0.206621381768 0.309007098711
0.223744123864 0.219910675948 0.359326956788
0.210357870692 0.234474254956 0.313708689758
0.212850147481 0.267653628382 0.221212666286
0.238570239595 0.349940896379 0.328767241855
0.234911887747 0.202601181635 0.311197184984
0.219541676861 0.238621532047 0.233454577479
0.218538631156 0.332297115586 0.230416753079
0.351497191311 0.289624963474 0.271651725732
0.310816396769 0.264418651504 0.210956065739
0.209866331218 0.248366977197 0.258298277886
0.280492688954 0.377947747738 0.205920573313
0.365422077465 0.228041606583 0.315577664181
0.321512582176 0.206636457523 0.215115737933
0.213339158791 0.219298678636 0.238497562543
0.375209346749 0.294135907776 0.236350510881
0.254006625756 0.316113577603 0.262601808905
0.225427716956 0.235416843283 0.245211807235
0.215558638199 0.247272566327 0.200280768363
0.276744245126 0.250253420233 0.206678989222
0.312920369777 0.265516874161 0.311173649374
0.208904170196 0.33663962631 0.216327441069
0.204478487658 0.255740600183 0.205238357681
0.205462954209 0.234989588171 0.213621376996
0.243032096446 0.219326936704 0.274612236473
0.249911768764 0.326807352635 0.236635993342
0.284203115383 0.305581549674 0.32751832254
0.272472280602 0.226723056904 0.209977112736
0.200947229746 0.417848840275 0.262892872064
0.39679573811 0.263017760523 0.22040808411
0.331660475829 0.203740234782 0.280691451592
0.243073873545 0.332879525517 0.250779495452
0.219145488468 0.209572094072 0.21310249234
0.214449078625 0.285413312481 0.242353759636
0.260712951118 0.27784672449 0.204702593042
0.20705536775 0.340885393745 0.278846618021
0.251822274309 0.31098295402 0.30723123143
0.215406962298 0.312311949765 0.249325066094
0.24604434691 0.205501993134 0.229194096094
0.251523961425 0.313899449739 0.211258907316
0.240671943121 0.209826128271 0.265212781029
0.279064335395 0.262251310888 0.33671649712
0.223972295735 0.22521626259 0.229688959303
0.206336792808 0.279510052476 0.226704279248
0.247601150929 0.245679890547 0.217289493933
0.286894259573 0.257301466756 0.202391839875
0.271775133846 0.325348980603 0.287902477921
0.236004280903 0.28633493271 0.281643861432
0.241949654439 0.328046148714 0.211312458802
0.217111071461 0.218279790971 0.275235843543
0.205004335264 0.298951240893 0.239014511558
0.250768788189 0.327573607389 0.325831940559
0.215169967082 0.236869192895 0.287998027595
0.27754084146 0.269841379691 0.313956425693
0.256989695038 0.321770784086 0.206701172293
0.303218780966 0.237674512802 0.240645275386
0.235168129568 0.21618761031 0.266510719434
0.304594451337 0.248271132255 0.284639455628
0.241241643499 0.289367467886 0.201205290699
0.32986427444 0.224997206684 0.257920510552
0.202661392717 0.252560118741 0.279143228419
0.236725321644 0.247782474919 0.327280537059
0.25748605199 0.31096048357 0.268070049599
0.286912658561 0.222802772064 0.290415471734
0.331559159724 0.204609041691 0.226189931118
0.211280485672 0.21450066545 0.260153833923
0.253001307921 0.20396616439 0.225423266771
0.21974537059 0.298156339011 0.213746170696
0.274264627708 0.243587432893 0.265551131852
0.213174713681 0.229896438592 0.202927650738
0.205424447123 0.247457235509 0.281818964161
0.256234751427 0.367957535597 0.240431873365
0.300240256899 0.23321265089 0.341043576099
0.386215380145 0.221808111032 0.227499830503
0.240940291971 0.215819026821 0.305599715946
0.265845589002 0.294091355544 0.385241758986
0.231122971234 0.200879204975 0.203094416444
0.244092268567 0.281995004088 0.277313506965
0.24469448767 0.255493223842 0.362400027602
0.308127537155 0.238884119297 0.217245730701
0.204090581114 0.262950186618 0.26539297671
0.206961208539 0.203495387506 0.215883512506
0.294850713802 0.224368419846 0.372016899065
0.22098809253 0.275091060976 0.325642992446
0.219452824496 0.221291145573 0.206999677656
0.23941300895 0.220116541459 0.221598204366
0.317239450775 0.260243808515 0.226601334049
0.239187319252 0.218469402068 0.331350831445
0.305150013963 0.278577246008 0.210166001462
0.362140580908 0.217063827089 0.250059263407
0.202932607957 0.299035567438 0.2003625191
0.209075908095 0.239996784809 0.25039706082
0.212384851852 0.356688992169 0.370279105278
0.242735137208 0.239567459262 0.208900016344
0.203174537642 0.212276074796 0.248215917957
0.243665315437 0.219908438457 0.203278701678
0.291779499537 0.237706218715 0.247338455968
0.307181485896 0.249400276715 0.238321499964
0.236376503571 0.260689119745 0.216883647549
0.253205012793 0.261945171133 0.251213682751
0.367437267563 0.216185546634 0.224894970408
0.220554135827 0.201933340428 0.220793723749
0.268866537604 0.223167010359 0.208926126895
0.225944231738 0.236915338111 0.231320410134
0.221401967898 0.218119410448 0.254596408262
0.255879810767 0.224926595965 0.208634233131
0.221810690683 0.217977397604 0.209749233161
0.357495966303 0.20477643009 0.225854960138
0.256120362699 0.235564374359 0.205308911179
0.202344892268 0.219662985394 0.220494750427
0.258997871988 0.219677657561 0.23670883876
0.232737391756 0.212965854665 0.258300955956
0.252963098259 0.266778935836 0.309541422147
0.289558894838 0.21037290518 0.205951291178
0.222487331637 0.262597021308 0.232130704148
0.204592424555 0.298883505323 0.283770822546
0.260289520402 0.210079657408 0.209377762255
0.235477878726 0.30444099948 0.251425285814
0.212659862451 0.204481899202 0.211813111258
0.213901566509 0.353370455457 0.264084944234
0.255048861248 0.277623294542 0.361652244062
0.208886509895 0.226879081128 0.291672994228
0.210864439975 0.201470377402 0.296232955461
0.223402388228 0.291163818568 0.200650337181
0.25982372496 0.26128688166 0.218978222014
0.20399028221 0.221499005671 0.202419923265
0.235706707454 0.207694276426 0.204113598652
0.227421526683 0.283909342934 0.243238043206
0.285407395788 0.254736904518 0.365512735299
0.219128472522 0.275951919582 0.204557100374
0.208644340129 0.229190616431 0.214287080966
0.211044337636 0.210196299314 0.239828124278
0.28400953573 0.235180710266 0.294016179385
0.208422192794 0.260166389235 0.259216864751
0.300259703779 0.282139736945 0.321984989053
0.243109206472 0.240108067357 0.200856877472
0.262656037666 0.201144314777 0.204788930097
0.209401976481 0.219298017992 0.23437339111
0.2595197638 0.235658919201 0.20877708236
0.232868628328 0.247229265493 0.27113397072
0.284322417042 0.218107114462 0.276350542742
0.223644252789 0.203050801573 0.222648223202
0.24158058851 0.242778548856 0.232500358657
0.239647784773 0.20995565341 0.263210870068
0.24271270053 0.205877685765 0.210479487928
0.284119724399 0.204265622693 0.240012388587
0.222813018013 0.259105619389 0.252282171703
0.321870177348 0.33085895464 0.202012937871
0.236631717183 0.34439961335 0.219702951137
0.241219722876 0.248437555798 0.203339868384
0.244801148433 0.241896391706 0.207652522835
0.251593577912 0.294486590857 0.236646897751
0.214809272701 0.235167374478 0.216717376373
0.241430077596 0.216288557557 0.313224184422
0.241436633326 0.223429494545 0.216196699439
0.240008071223 0.20017426296 0.246225933814
0.23759862003 0.238119753608 0.203216832972
0.222773059318 0.202781180584 0.247158027896
0.200386816148 0.205685139356 0.309459561963
0.209378232638 0.248803551118 0.21884290898
0.250520441454 0.202970310983 0.203615832914
0.306921464293 0.254975811465 0.229927136404
0.242758756945 0.204373270937 0.215925782788
0.208060899746 0.244787604662 0.265351186895
0.204741350572 0.209219796183 0.268448536172
0.212019034249 0.22661525391 0.234969491861
0.221917508996 0.201210389444 0.208700628831
0.216088917583 0.22059453498 0.303520241539
0.211376048312 0.205802721801 0.302547744975
0.229071463675 0.210733671675 0.201007682153
0.20119681368 0.229484285068 0.204314660109
0.214214821787 0.293834739397 0.223165794689
0.212171824406 0.238220517617 0.268022771444
0.259576551332 0.208863287774 0.228188043987
0.217823958131 0.205327857158 0.289897381836
0.236592684799 0.209916651292 0.260664328107
0.218037945346 0.292453349294 0.231973318162
0.224786495725 0.207152929936 0.201296970718
0.223324931997 0.2949823045 0.23347762043
0.304272670944 0.21113506328 0.278360661899
0.328299745995 0.211989701326 0.258789084494
0.219197595861 0.205946651882 0.20595033872
