0.30186909854 0.216732523531 0.285322802144
0.488109922846 0.24124339437 0.499454563831
0.267338193125 0.221432196736 0.445716982208
0.352908520864 0.355790403353 0.20259559222
0.434277248873 0.432680946973 0.351844835464
0.256446394504 0.440974512504 0.268777985649
0.227522841319 0.374858717692 0.462771534851
0.376565936808 0.204165212851 0.27932254431
0.246655654501 0.472609984083 0.268886699457
0.319640008363 0.414286682346 0.469238086488
0.308617413978 0.276547509026 0.314127199857
0.256513310382 0.40947458579 0.343792130914
0.211997372276 0.323388435995 0.227266667772
0.391945295946 0.203546650395 0.272795737257
0.312363027858 0.461871002585 0.422564836214
0.426272710633 0.223557937081 0.457354690084
0.407937523643 0.277793318644 0.439518786274
0.387781125266 0.469399565312 0.405638492787
0.339000654525 0.470809228027 0.364066829011
0.383071282927 0.497649003462 0.343482231897
0.253565693411 0.253806281416 0.395335581725
0.477238089875 0.448039379733 0.411900432138
0.368165430382 0.417949990556 0.475487369473
0.411134443777 0.33125743055 0.437601285927
0.258244393001 0.413785216261 0.477496958642
0.342273956825 0.277598937008 0.327572319446
0.212769564676 0.213226000516 0.402961050013
0.401891528199 0.304691282347 0.496178409787
0.285018575661 0.403204238933 0.441134848893
0.240446033505 0.292343712534 0.431375104111
0.296390238714 0.401444308088 0.330313688737
0.294268998039 0.252605232917 0.449402551129
0.312409411191 0.262612136405 0.299127134738
0.362253304022 0.367507148408 0.255198975592
0.4633159616 0.223864769514 0.430682380145
0.308543106299 0.449826271435 0.237382427095
0.278910400217 0.32655585953 0.428134250973
0.385903071178 0.450893575319 0.327144363215
0.251340113063 0.433294418223 0.245385127764
0.460620041561 0.340625142717 0.473127575369
0.401821817811 0.285877386807 0.364088287621
0.338969566456 0.463765556833 0.376507078266
0.21239773185 0.349738865185 0.295495356762
0.224773311366 0.427132762868 0.391306533395
0.416642786826 0.472699785525 0.208569860992
0.473325721148 0.227296989432 0.236498137439
0.406787843955 0.369467160498 0.465616190375
0.289765366499 0.473997502628 0.481225756528
0.286044917308 0.260715774165 0.389724061567
0.474306616247 0.231491738305 0.373189619026
0.32494269961 0.267325453859 0.249157348332
0.244752178436 0.453306920844 0.256790610913
0.208972383846 0.221312464995 0.485612092777
0.486709404427 0.36357837566 0.36295769435
0.310765270588 0.400233472563 0.364091913517
0.365781178154 0.256477400147 0.28269199053
0.312251681173 0.222159962955 0.349486256533
0.35550499878 0.255333946125 0.267611486507
0.407580033765 0.374660938356 0.288787340212
0.433932711031 0.467146352007 0.499627069534
0.265169727624 0.337942953352 0.365407291654
0.451515321126 0.300357840008 0.428640694464
0.295054738757 0.220855948506 0.430653766026
0.357491458854 0.44966133134 0.434533698222
0.465677662393 0.456589214343 0.45325367389
0.229383635358 0.298152530743 0.242120792991
0.422262135721 0.414097701791 0.296386217919
0.354052935807 0.205163185495 0.31923246272
0.306765609779 0.433377061584 0.29241664274
0.463398620886 0.37410848719 0.420337413859
0.246499416086 0.294408691575 0.397053690541
0.355489226438 0.34474315897 0.228860323214
0.356832901168 0.44104878113 0.416171267725
0.391962610816 0.227868405424 0.445434053177
0.272071240289 0.341864338552 0.335600652111
0.331426551682 0.332064904662 0.288100171773
0.345945384682 0.406616161953 0.269939801884
0.318391459001 0.25654604335 0.321236711608
0.301492918661 0.391893388825 0.280336205911
0.254602457661 0.278275299742 0.322396142372
0.31899045602 0.420265256584 0.494151452386
0.318367818247 0.313205644004 0.3383606788
0.382087749799 0.386119041252 0.428482761999
0.237798406781 0.302206384917 0.338565163274
0.425191811229 0.222434390259 0.432223838084
0.349491487776 0.334346973301 0.469178504247
0.379586186362 0.274303893736 0.226771660792
0.272468614555 0.265728287876 0.441080926861
0.42148378028 0.378278189217 0.243141670552
0.315873413864 0.245041206648 0.267051266237
0.221026937828 0.318634577107 0.365256515851
0.314963648402 0.481477564616 0.389268863509
0.396200738416 0.418217663265 0.255025696896
0.273000886787 0.478133535132 0.229355277748
0.483318944673 0.457248423982 0.296624364649
0.381083844363 0.213751351918 0.355805610878
0.459811308019 0.23457695878 0.39932828181
0.275969072004 0.250240461019 0.252218610562
0.48741696387 0.259831645517 0.393379650594
0.366685426873 0.465084387352 0.258719918336
0.44966816579 0.273796875639 0.363404687116
0.209310100496 0.438082950163 0.30783415888
0.324114612983 0.349507671693 0.238711218709
0.423487258666 0.357404649441 0.262958087249
0.3007019244 0.384557048104 0.252022596646
0.291467886852 0.241391257521 0.259645851783
0.267087966382 0.434797918309 0.212529455843
0.294230424286 0.310290909637 0.20774034999
0.382336438988 0.381063847004 0.233169604078
0.324688348762 0.359440760461 0.45629851534
0.449216635014 0.321976801052 0.34814303398
0.209944173753 0.24195549689 0.210736128093
0.261180503686 0.465562177586 0.425130172291
0.295588200414 0.362957630184 0.336733989865
0.484021473842 0.39127585317 0.401737181828
0.482315213548 0.220219818864 0.267162618708
0.340432609375 0.459942324924 0.222113122664
0.286299208462 0.499391854973 0.252493283345
0.237443385183 0.306831976989 0.272248835703
0.285661634158 0.296894200527 0.259739563636
0.408520286164 0.371204546129 0.478229273738
0.368681177114 0.486656045705 0.44906927818
0.451424760444 0.394444434503 0.317097138075
0.258293863558 0.307951674981 0.486936757366
0.351151469217 0.410421908183 0.412463302439
0.343262745079 0.346930672841 0.380930406318
0.21471530308 0.474127749347 0.269321915327
0.44071976914 0.255814373291 0.431049893311
0.292983334494 0.271092245802 0.479190163352
0.218006620723 0.366657493258 0.367339917243
0.285297653915 0.264272135732 0.366198025084
0.342691725464 0.307139664782 0.314472840644
0.343642440217 0.357022316384 0.355136061683
0.352017621682 0.464156373038 0.339532876319
0.444567479801 0.414038866859 0.365499068182
0.303893289679 0.399702780314 0.385322841153
0.497433832649 0.237302505304 0.469276147832
0.235457025052 0.33278735978 0.262792088245
0.275162482385 0.267884799799 0.21132332746
0.423811313125 0.206143472629 0.217313541166
0.46878206038 0.221582357655 0.49212991476
0.240346997908 0.273053629735 0.476029510786
0.239710302392 0.313097101076 0.353597943535
0.35344609565 0.310737605581 0.326742479341
0.359512960994 0.321891430573 0.283128950238
0.38124625685 0.207374267603 0.463109557785
0.38587483989 0.2230732002 0.213250202691
0.481047117998 0.497596446724 0.289309226411
0.335368520523 0.31809097888 0.235856563581
0.430090432703 0.276908275146 0.387209692256
0.266637295642 0.440528729975 0.31997708948
0.321394992379 0.403700291363 0.283130637182
0.441768332673 0.453628523929 0.387060211299
0.357714959917 0.344813620002 0.226708999418
0.480563649588 0.241861073923 0.220266573782
0.444011494848 0.221309159687 0.340843356475
0.346339295513 0.432605514558 0.23944994053
0.288957525182 0.288802437825 0.455021770699
0.280100569074 0.344131097625 0.306284691674
0.422202739725 0.241651847906 0.487403870099
0.432043123141 0.364383408304 0.414101106012
0.345214653577 0.234089004301 0.414024464381
0.304441619142 0.298645940126 0.213210985361
0.24951182544 0.21795121808 0.342655683838
0.20199958153 0.218425830063 0.269484620247
0.318625385199 0.492602056659 0.27541082809
0.483211664393 0.252807829248 0.379791363801
0.313214136909 0.413741440529 0.305722359925
0.235256113545 0.334645182671 0.242394858784
0.289656859555 0.20396065606 0.45731392642
0.205418120039 0.251456894472 0.211538184243
0.412518895744 0.250943321269 0.494614713784
0.293182536025 0.363529324511 0.406314208503
0.34014570992 0.288110031401 0.339757029294
0.421725504688 0.226694543632 0.393713508844
0.269745861434 0.297545483738 0.299712540732
0.456028277082 0.25496517972 0.302626912235
0.293694783094 0.411417514431 0.278408398266
0.39708867707 0.478912035844 0.47668019017
0.492510802998 0.362698647264 0.335925883279
0.441993850805 0.37106376347 0.416745955455
0.366848200819 0.417706752726 0.392458760608
0.288579435701 0.491953559417 0.325373829899
0.362380149769 0.255028954459 0.435660007624
0.259763946713 0.316466012314 0.250312780124
0.396242491267 0.396707517398 0.304627538755
0.300031068964 0.451427690894 0.495926164092
0.246314261784 0.461213391791 0.40076883326
0.324072424033 0.227123222123 0.429517571786
0.341688181502 0.351213166178 0.235835469659
0.216600220255 0.343547701399 0.366242830636
0.209733032946 0.328545903511 0.350607117824
0.368218763751 0.430700222656 0.479083428822
0.485832379743 0.308510359788 0.251937647197
0.235242595252 0.200814974053 0.236568428185
0.453793911832 0.285662637169 0.371087871261
0.490701534383 0.214760434518 0.26335988321
0.331541025463 0.281803074635 0.309865629881
0.220981464093 0.419857552895 0.496728463674
0.385086303852 0.294064501132 0.279653475205
0.240289255078 0.250251431784 0.258704899549
0.212166172031 0.34201760113 0.210965359494
0.435199151601 0.243387563103 0.373483663768
0.30642732984 0.301811988151 0.206462732825
0.389455488702 0.48196271464 0.222701260535
0.382164541031 0.329799961024 0.260612020413
0.37548459932 0.315410526527 0.366846416931
0.241610772041 0.25826957283 0.238376123605
0.282928839628 0.463789743188 0.215660444422
0.438371897764 0.329815622472 0.321003011694
0.293175513189 0.241408540429 0.275626747224
0.244074451995 0.49451594131 0.403572168723
0.490130204185 0.340791358272 0.218758516974
0.296792730354 0.406748940381 0.263740329102
0.410471542341 0.349740260646 0.20156044152
0.354020961227 0.275442889058 0.270976622441
0.27804369663 0.259133366371 0.222716666506
0.211604946378 0.261741180394 0.451909128181
0.247567400595 0.268543559639 0.358210623633
0.453391075213 0.291697747012 0.240716861107
0.346344617347 0.31632732954 0.318228456438
0.367610885033 0.392700813394 0.354767779161
0.296467759532 0.362619748598 0.273010837433
0.273316846548 0.43229628717 0.448054721112
0.35649885942 0.421329220475 0.283756779333
0.220224964841 0.392843249186 0.423399696544
0.249635338486 0.353494922264 0.25275832203
0.393018453685 0.314517361408 0.388989690378
0.22310853517 0.355888191568 0.450431443647
0.432595746858 0.393354607596 0.221722537477
0.219797898581 0.231532627492 0.355618594109
0.388259505616 0.344857341272 0.444470096926
0.301151348173 0.290940392314 0.217039324264
0.371419173726 0.313939252191 0.213930881431
0.399943996742 0.255986627432 0.218999567194
0.39979237016 0.344709772646 0.213948920076
0.415505103984 0.343474739343 0.246102946532
0.364541334697 0.385501701337 0.246163009616
0.290305972781 0.480049355506 0.362050174481
0.386074606199 0.261357093144 0.49129767728
0.478733519883 0.271855092789 0.306789057687
0.316805882844 0.253891460826 0.498164105608
0.420575965816 0.427565768329 0.204550515159
0.390457113509 0.471724212742 0.206602090733
0.346813110021 0.426021820644 0.372263486495
0.459950518251 0.254989979597 0.456666496172
0.413367676883 0.366922899879 0.204914272839
0.269059929685 0.359175545791 0.219235298672
0.326957131765 0.278626942303 0.227093059489
0.31725398079 0.444479480815 0.386690402621
0.2261558711 0.451654357541 0.273631561867
0.300700364158 0.413490662334 0.403907124219
0.488690206585 0.299066805314 0.321197122306
0.403341163409 0.378950132442 0.431068821742
0.411603352855 0.469332193993 0.471286338021
0.481997823885 0.413722050045 0.437556442562
0.306586754124 0.451977120609 0.31028173677
0.414798481023 0.328308256232 0.235684020721
0.206011741031 0.366925996728 0.429573831861
0.351063505326 0.336723481844 0.381500608821
0.248986358513 0.202923160835 0.394949482847
0.244671742086 0.290215221071 0.469077933556
0.304147921515 0.484893430732 0.202380873224
0.217842839895 0.343463897965 0.24005925198
0.340185771667 0.254440928107 0.345089549566
0.428205164735 0.255378686666 0.225263377836
0.395415892865 0.46674081127 0.337387968015
0.280195573791 0.202031314626 0.238048279879
0.234241757274 0.299876570511 0.474842931135
0.272781114407 0.282144850133 0.452159368072
0.449486451952 0.265706093794 0.367356241421
0.454955271369 0.390538173315 0.260677866793
0.401972906554 0.347119722883 0.276183937201
0.375037879596 0.207942712418 0.394131343798
0.312490006254 0.351349142592 0.390578220156
0.341519069689 0.257904814726 0.479588222717
0.201192580489 0.294469476905 0.376075176358
0.318415278105 0.284259248662 0.491764017432
0.313070258374 0.397681150547 0.34059547252
0.351199485829 0.316537068007 0.450220078256
0.220618441821 0.242138833732 0.291903158501
0.264926457997 0.215496496485 0.403057104682
0.344237316903 0.248142416351 0.234149628199
0.302760390262 0.298969317813 0.409948227906
0.212877743503 0.236301470781 0.355061111792
0.42419180261 0.393999145575 0.360717346236
0.209116709312 0.371080821892 0.464646347018
0.291025181489 0.232026707678 0.488317490747
0.280819607758 0.366906144428 0.231659095361
0.242310639488 0.444786100819 0.469023329002
0.231335111414 0.217225545148 0.291390832559
0.484295028388 0.292615963656 0.431835464279
0.413826647974 0.303183211197 0.344814449523
0.353406327894 0.290909899361 0.256201970162
0.403310873701 0.466814125666 0.477829260305
0.455653977646 0.256164451649 0.43958496232
0.426327172425 0.258593225182 0.227920945195
0.201867102075 0.408236001798 0.208303482852
0.303461049261 0.242569803252 0.216706799389
0.32270603569 0.289071959677 0.317754919574
0.316085925935 0.295636854649 0.205305473688
0.45055417814 0.482530894066 0.465184357971
0.247812561315 0.34182238145 0.288145005821
0.210461756671 0.29124703228 0.223633387513
0.374937156424 0.480529341688 0.394201327436
0.422028780836 0.310002241459 0.255726478139
0.34234064095 0.229640174095 0.305379876583
0.320229920145 0.308220534059 0.222210266564
0.356026623846 0.313787286392 0.271057997471
0.278998572206 0.393503486758 0.411273168991
0.293012515361 0.393460010168 0.22541346667
0.312268327067 0.354495078178 0.487622762738
0.228541928559 0.304509079906 0.239966257983
0.236584554357 0.397457396297 0.45830846738
0.214815388297 0.23852719732 0.392343993227
0.465204377003 0.287663914234 0.337063146811
0.439788604278 0.243163311589 0.393067062048
0.365010916489 0.325322103669 0.357657983496
0.466269392346 0.351260582988 0.304499000596
0.359688724367 0.220491333682 0.249228728404
0.447822548626 0.411321601156 0.366531800103
0.387761820005 0.203048945413 0.428098487734
0.252200076307 0.297744806012 0.411427586997
0.324836937283 0.426573479369 0.431967702611
0.365558194083 0.358747448318 0.224600658128
0.433898911202 0.204081789396 0.404868454016
0.331637501866 0.48345971923 0.347050272204
0.469879904355 0.240916893138 0.200736340069
0.354840781169 0.315922927688 0.252893254572
0.207206125869 0.441552266037 0.232924994285
0.366769522861 0.319614166841 0.471244826883
0.420517290328 0.473871208174 0.495377711906
0.360530460924 0.355855906234 0.415756196148
0.469600590507 0.37020814315 0.342221672256
0.309611783007 0.277092949602 0.371885141331
0.484234108956 0.296082994278 0.250230048118
0.215676500283 0.35356188504 0.430532474444
0.394158769734 0.222603584607 0.400289850566
0.249478425505 0.24058780055 0.406664310364
0.246054598639 0.497060639185 0.462089497167
0.415267520551 0.36520648955 0.449626976941
0.322442934398 0.299191687236 0.449287140048
0.249893798323 0.282625417293 0.243489914317
0.254215059475 0.301732951345 0.359966652967
0.280304269223 0.434322772484 0.328435981826
0.332126568691 0.324403161333 0.230188837456
0.259031205941 0.250573044136 0.220923774604
0.419198552022 0.258325653912 0.204272296573
0.308993753931 0.314449894433 0.461544839688
0.364281184803 0.381167455616 0.395173207755
0.420701323877 0.36230130518 0.383297623111
0.445268727802 0.440201993963 0.376078324228
0.414391217617 0.328656347871 0.323987297414
0.31249041405 0.245768812369 0.332692673632
0.405481378418 0.208330940041 0.285157029005
0.416596917958 0.491759667382 0.351001919211
0.256687163634 0.248409336098 0.236730037805
0.227151320434 0.482455426684 0.268940461319
0.331770508833 0.303440750948 0.40028437912
0.357637849779 0.234050498449 0.369065912338
0.440016926399 0.36559660096 0.395918096061
0.228654980052 0.469075900224 0.399054323513
0.431334583959 0.229313094881 0.220478907201
0.337240725652 0.373337206577 0.27956300911
0.355913290942 0.297735982022 0.336694004113
0.265019333025 0.454134924121 0.477630870547
0.349223855862 0.407289912163 0.3444610398
0.340588741611 0.280414561888 0.258658849465
0.336587829853 0.233590019327 0.348644054155
0.467323075926 0.321071065526 0.369910249998
0.378870740233 0.330658237813 0.433377098199
0.438787288954 0.436075027886 0.235341160095
0.282811009005 0.289376173154 0.449340436527
0.359998567465 0.445397903462 0.273526654951
0.26449678676 0.402533833903 0.483777191848
0.213509575812 0.251352011079 0.208454318257
0.404982922257 0.210055047992 0.376232705597
0.416213062731 0.292143141834 0.259199973664
0.287075154355 0.303971471482 0.22557478601
0.221278650075 0.22023786226 0.319689201727
0.301621827237 0.244895485549 0.448016009649
0.275886590303 0.412814900385 0.373825723238
0.29971963542 0.202761897757 0.212978594618
0.399272883511 0.252701694562 0.221235723005
0.213331697551 0.398327048422 0.490893832634
0.202070805105 0.22994898551 0.28339985079
0.395925024533 0.21225506118 0.35543918566
0.430584268899 0.32750049352 0.293477015105
0.412365043581 0.292344209514 0.361583818301
0.285175508695 0.210935355828 0.313468664644
0.389921215437 0.3880863892 0.406731705507
0.499925374421 0.268177009107 0.437904010213
0.325384319995 0.247361423811 0.286527171128
0.284789090191 0.257030323944 0.296878597523
0.304883651032 0.474967929026 0.284025654396
0.285857982256 0.303658629504 0.276253621318
0.308661961803 0.363409581381 0.211019824678
0.469355383771 0.294583675534 0.230563177758
0.474183797747 0.246667206628 0.390118989418
0.467809590759 0.261319913473 0.356059583768
0.287850688813 0.280359671985 0.335577805338
0.463361951805 0.240703122809 0.340937287118
0.412765648321 0.327733537399 0.260618989314
0.404459359724 0.342008193625 0.231272008022
0.265468145483 0.33672339468 0.365905940437
0.336338985816 0.374681646815 0.320649070809
0.345034823095 0.387006852878 0.399757061723
0.445768854595 0.270930982149 0.235532361893
0.362181354096 0.447725957675 0.207989075845
0.302379456615 0.424522806859 0.339479129713
0.261498785845 0.295056587035 0.267774816233
0.344926711437 0.277299494565 0.379909996304
0.434369358522 0.436257155088 0.454795250495
0.369214518863 0.228720658544 0.215806866921
0.28260968189 0.350850960752 0.317192307408
0.478097646516 0.276411628651 0.368190022147
0.204398735213 0.475197291562 0.391176804294
0.218055214035 0.303789945179 0.497223286864
0.291546262172 0.354418249315 0.393996588353
0.27339888756 0.379194788799 0.305348787786
0.337846281278 0.250797665926 0.478741567428
0.459044906035 0.447540630249 0.232485975042
0.236515956111 0.391641525791 0.207185421456
0.31644675597 0.486091559514 0.343613112173
0.248091433143 0.323803801321 0.301305161581
0.437893719841 0.30153129326 0.461628452005
0.454114865511 0.209781797083 0.22873144249
0.209339350381 0.397879066402 0.254217411357
0.378509218115 0.337835801453 0.21969149128
0.486345382192 0.376957157046 0.494066973437
0.308268057516 0.244225385494 0.209085181097
0.419972746586 0.27076956289 0.411451497668
0.427550987482 0.365352839713 0.361014948087
0.423820031794 0.330667316363 0.468537541531
0.336283979087 0.444617646993 0.256393568549
0.365476357223 0.339822957921 0.304328655741
0.364002609345 0.263320855276 0.230754878482
0.272662159824 0.29094705541 0.371635456061
0.204190587516 0.287269262825 0.324505258068
0.230790010242 0.249891676798 0.400292533932
0.209354563698 0.315067779463 0.337137701783
0.355044097698 0.433078603571 0.298909335612
0.29921456195 0.223198026806 0.365882713475
0.246250253751 0.458747714053 0.32862050591
0.291959357348 0.257494209596 0.419477818595
0.267817179558 0.227522735713 0.271313254429
0.478780077589 0.276503138995 0.281398672757
0.284981388886 0.322381037599 0.226559451365
0.280614606355 0.285415106596 0.432167939303
0.262651356971 0.418022962737 0.335561607328
0.271358755248 0.329048997941 0.239167625492
0.218112678568 0.258647768756 0.473949931279
0.484773774094 0.343044556022 0.318062260074
0.269196626855 0.242730629702 0.448140172038
0.305275912005 0.444387455647 0.490934014338
0.203716402968 0.334695567175 0.480194651658
0.251009988159 0.353335122066 0.318304144848
0.269327657518 0.213450415154 0.429023217954
0.499280480708 0.325498561047 0.266071049053
0.362954907222 0.41066624741 0.475927466034
0.317604791025 0.375252303892 0.220707409406
0.478056374981 0.27021271265 0.282056622179
0.279232149142 0.223878406514 0.237252719005
0.429375644561 0.270628696985 0.329147304163
0.339324318516 0.242975262286 0.480886195149
0.284583278414 0.234117854524 0.21409696968
0.253747871389 0.272545784927 0.348505843346
0.299150462772 0.368879397781 0.22825405382
0.308519917391 0.314324483886 0.243728658441
0.294734597527 0.266232204036 0.424448219419
0.3043282935 0.497373417862 0.309114360046
0.309406905047 0.213669126863 0.456503923505
0.286415134908 0.348293477696 0.222897679454
0.279075659804 0.228119033131 0.467478871508
0.453010073272 0.33411535556 0.203958572987
0.212867027771 0.217132469297 0.453115357797
0.286731468251 0.431535791341 0.23640525843
0.223378253645 0.420712415372 0.260320423639
0.493316009977 0.309244779943 0.278090848632
0.211055999652 0.459805329576 0.494811983431
0.249099705057 0.34900517439 0.451408959719
0.244035779004 0.499882934898 0.23309775658
0.248472967908 0.412572412773 0.261643995865
0.220055872431 0.344238749432 0.251811563379
0.270375319099 0.384754557205 0.336426395437
0.268050606101 0.342502898978 0.297545418205
0.416381932184 0.388382250638 0.335173255657
0.269248198467 0.493143533861 0.206864144169
0.316765587488 0.413362714401 0.452460682176
0.354290872494 0.493753020976 0.26360480491
0.411299353332 0.275860847332 0.256496066648
0.47478386985 0.218302975522 0.304402694451
0.468583670084 0.348668867413 0.484471128088
0.20574162478 0.474870059816 0.317568564841
0.308361255928 0.217504567893 0.231593523461
0.296836210052 0.284374020078 0.279347168989
0.462282624878 0.484209873858 0.259455147176
0.357778424594 0.40519112486 0.355564347716
0.379345799031 0.429447009592 0.271727119191
0.317452674698 0.210018782387 0.3007505153
0.329608034749 0.361252174099 0.303151346535
0.214692227328 0.247384546984 0.246849091125
0.278797067393 0.213840337551 0.255096982947
0.308915857898 0.227739442794 0.456474418136
0.309318250444 0.213008599676 0.305138523906
0.233509868126 0.309995302915 0.213554447658
0.394320839085 0.391981818766 0.243194484566
0.232178360169 0.30478149875 0.481720349172
0.497427875963 0.272207438999 0.408177695243
0.445042703845 0.216574098175 0.349514193107
0.288003251541 0.295975456774 0.236639367556
0.362536453466 0.283349180482 0.356316889348
0.325004514464 0.341290800813 0.406985349789
0.240931664531 0.210634269638 0.348302196037
0.264020158972 0.399937699191 0.234498981569
0.496102307687 0.228209194214 0.488436372006
0.235894823733 0.344816757601 0.221585691859
0.343624985599 0.35142590996 0.296884209983
0.205400799426 0.364271759341 0.273515724412
0.362420738498 0.208370093438 0.241685619332
0.479685427601 0.254060976773 0.354277061148
0.313600953591 0.219932997406 0.222450960568
0.427385343906 0.462582820615 0.401627670367
0.311832705597 0.420791528645 0.385837190286
0.213382279006 0.260250792677 0.361093924122
0.438009370826 0.206982297645 0.333468695078
0.364133858923 0.313732508582 0.347575965363
0.204970556924 0.352258030595 0.30896425377
0.284602040007 0.287365850414 0.208983964321
0.263222716383 0.268819854527 0.398679404401
0.239940704337 0.339515001068 0.293611713386
0.45767710598 0.36617506199 0.282311928532
0.211803565167 0.276642945461 0.209655210492
0.268005244639 0.31104094058 0.218080844568
0.213494755657 0.452508656369 0.209879129344
0.27455479898 0.339407155013 0.452747337194
0.465392108104 0.3766550562 0.460211325156
0.236288717134 0.379518395304 0.377892960066
0.226200746379 0.230338821613 0.378687298728
0.293773315272 0.216846427122 0.28487781312
0.307965243745 0.433542959396 0.364065578918
0.245144151933 0.463854059995 0.229967123948
0.319131112176 0.308337865211 0.262392004747
0.288876567829 0.228974433419 0.259337492545
0.2322809757 0.277874486268 0.228951377916
0.367284389334 0.208479430351 0.327994281284
0.308128400325 0.44025213172 0.277265137196
0.347071907419 0.288499445058 0.412091719409
0.256492510836 0.295518415984 0.212369917714
0.399542359729 0.27171143352 0.214751680764
0.469531048748 0.244123748584 0.36822202239
0.264952516799 0.224915535285 0.397219266692
0.296797456873 0.371862144219 0.377384401091
0.202921119008 0.362994686467 0.228352673587
0.298795562325 0.497559168538 0.269884394412
0.396094165092 0.268117608542 0.471710317425
0.336649365147 0.499320226675 0.328123427918
0.224240610154 0.395025922783 0.230391909995
0.452778810055 0.441413531164 0.387889187034
0.358081424438 0.231206272599 0.227944929662
0.253923186285 0.40903331395 0.267857252256
0.267636994353 0.351891879357 0.363340980331
0.446084284632 0.248600134505 0.224665758574
0.373309387613 0.454901478053 0.223265769347
0.240062583967 0.230084502581 0.380758865125
0.365640994922 0.21862080369 0.30544922528
0.34079247411 0.445219592526 0.346121040155
0.329852554074 0.247229212654 0.277766984203
0.367920786097 0.235054923549 0.284346744388
0.25103917375 0.4171300304 0.274333520598
0.308302220352 0.208790356301 0.233255343293
0.221846582791 0.340245070168 0.355542708416
0.285208295173 0.414383984252 0.278816174985
0.27932892747 0.359543869838 0.446581379613
0.291739497567 0.23496246941 0.37130005187
0.40177519715 0.310705270168 0.446545910679
0.336400864416 0.276299074691 0.242614782349
0.462108285659 0.274815090634 0.353145820042
0.435067146923 0.437858305491 0.354777421957
0.217851249165 0.354957266169 0.309411775525
0.487997397211 0.34144564537 0.285845579523
0.29418412618 0.406996577774 0.217785420914
0.495661885638 0.204349044206 0.248317996812
0.298324667166 0.40200634736 0.333775654095
0.376207527609 0.329660276383 0.415715304596
0.31856410565 0.29338529403 0.39985156233
0.266895468157 0.24147944457 0.397792880458
0.411156555868 0.338437220514 0.32710153849
0.290985164419 0.411371077349 0.363322684776
0.433572214516 0.4850573621 0.324013000639
0.340858853022 0.212283548456 0.385910669801
0.450035681024 0.305238780024 0.492342774295
0.232838489643 0.281824163759 0.356788945829
0.460388441776 0.300156531567 0.225299804853
0.41589417638 0.262239826342 0.425604394301
0.421423646263 0.230415145348 0.393426276663
0.346503929523 0.25944678027 0.20165598138
0.231158609279 0.345334268809 0.498902178408
0.230068521454 0.266557804786 0.345396346272
0.319174386273 0.312128466367 0.291743412807
0.209152471489 0.206997915419 0.392147201918
0.279205689143 0.230195530504 0.23396470088
0.357318588702 0.38999120967 0.27021493321
0.292493788837 0.297159533522 0.251785767327
0.237962393347 0.26501161812 0.306561961845
0.224409331056 0.229335285171 0.278412564209
0.200010682144 0.226491252873 0.327629253537
0.441039279271 0.201358415473 0.266556761773
0.209232375896 0.237242809687 0.229892134701
0.215007561737 0.224044294845 0.338617066082
0.303550193185 0.208453995975 0.237725854246
0.268694400396 0.282847458293 0.238202628178
0.228147838299 0.292712448975 0.407255345233
0.239164385066 0.379007104249 0.255960809817
0.31220520893 0.267917735733 0.253289879773
0.339203840839 0.217793082107 0.379993168231
0.285359843915 0.348806574017 0.251029409001
0.491411197166 0.338958272579 0.200458057168
0.202107971164 0.273290575491 0.283363429632
0.401185996326 0.334929409009 0.206225361977
0.229365399038 0.439216655711 0.318128438946
0.245786586995 0.405710431244 0.438924990864
0.297701642644 0.375159766168 0.206710752933
0.234954707973 0.267523541235 0.275121784185
0.420416584609 0.35427659514 0.354622843312
0.241467842832 0.300130934888 0.37634258846
0.452235547901 0.214800014326 0.315214800519
0.288440383979 0.211952028135 0.246417433948
0.226521342196 0.363165679163 0.214141223117
0.237206103657 0.235092963118 0.441039312496
0.293506987544 0.31986038247 0.404623710785
0.414494439435 0.227348190055 0.327630132699
0.249240500296 0.398702307122 0.253548192346
0.469789803816 0.383030343415 0.418005534728
0.283917138854 0.237189845158 0.356573825922
0.346124854155 0.261858582853 0.338372322727
0.321051436784 0.402380579908 0.402021919097
0.249769724618 0.291065048452 0.227524527945
0.333865168942 0.262947716754 0.241484443223
0.238441478499 0.412441282925 0.308310940602
0.277040886085 0.384799979385 0.240856937751
0.399865919168 0.369975490136 0.362802076583
0.389390912168 0.238823141666 0.234828524443
0.462784970192 0.240062499515 0.368905566533
0.246559842063 0.304426497853 0.354703504884
0.450999257793 0.205372559419 0.236563668965
0.363613082566 0.344441717563 0.325088648826
0.295827060777 0.347518269926 0.308107514972
0.201565657296 0.270781911625 0.304721964281
0.292402863182 0.207829289772 0.389114484837
0.34030703838 0.44132597992 0.276745101163
0.312427192163 0.342208817826 0.365885163513
0.276319015857 0.279283743151 0.200948350508
0.384394033769 0.407697548325 0.435580850921
0.207312271422 0.282667901953 0.346861382222
0.255771912773 0.348665727695 0.384120800536
0.437730226672 0.202829851416 0.308460699363
0.242751753722 0.352925734182 0.39538689472
0.259846418644 0.37054669842 0.313360985775
0.207890104039 0.354604785494 0.274437849393
0.440583216502 0.200386829822 0.236251415117
0.300745542472 0.201117108525 0.224944014698
0.249823365688 0.295441604825 0.261836464901
0.218484675938 0.231812784147 0.295499977168
0.206659272065 0.421043383702 0.390414956967
0.260852673699 0.377818412251 0.464056050561
0.432650617042 0.497356095631 0.402863220764
0.225862205598 0.234556322537 0.245059887648
0.41094342591 0.259073974616 0.357071373034
0.426592437171 0.316865376376 0.280245353664
0.276837436795 0.442276190161 0.495337361885
0.286142549518 0.386262683938 0.258944193489
0.238879892024 0.28025809023 0.207725671616
0.277176478381 0.200047706268 0.285095350383
0.22637645769 0.359192440932 0.357761625655
0.230840280384 0.290536314211 0.287254732893
0.491458775723 0.270959857706 0.344958082716
0.209663155344 0.222666920992 0.448279895659
0.396838611151 0.35972966869 0.229076225472
0.246571729111 0.270437660869 0.201278085203
0.295753707841 0.31564974285 0.280944283811
0.224830743123 0.201839871784 0.229183965864
0.227623550507 0.371591405721 0.214788316075
0.454540512294 0.227170261772 0.218169865647
0.339843972145 0.213420385866 0.328042010384
0.39975570612 0.282950989091 0.412493773211
0.224097350742 0.244189864721 0.291285796645
0.267536444399 0.280531240865 0.346982152917
0.251858238436 0.242097375043 0.275365713807
0.377156562412 0.212900767668 0.231413956533
0.355027467887 0.283809704758 0.294773416866
0.393929431914 0.29101895973 0.254142487641
0.405004004259 0.292757241914 0.203423581539
0.304733085974 0.29552132602 0.24675733106
0.202929291266 0.2928421709 0.424839535841
0.306373245764 0.338269348057 0.242459973715
0.256453635129 0.263177337919 0.238129219852
0.235555079727 0.329687461474 0.372245400894
0.243561575203 0.220003107076 0.403918570356
0.290663481093 0.209767065312 0.409783726346
0.258788756104 0.264513403146 0.325309170766
0.24278860366 0.328154275063 0.213594486918
0.332658897667 0.221134980815 0.212202041917
0.424748305423 0.207579137224 0.257944924252
0.236425053149 0.28914892273 0.252259221218
0.293829866547 0.281796231361 0.238481054198
0.372758168153 0.275673027781 0.370449821983
0.405850195924 0.325580551731 0.239851099588
0.219726824011 0.345996807404 0.355177907754
0.291730981708 0.253915326905 0.276773215567
0.417728164842 0.250725567878 0.263370948759
0.210415498656 0.268982612706 0.40357211531
0.231489497975 0.258887147779 0.204834404728
0.274527091505 0.360513823568 0.209919958514
0.269671966285 0.248434577872 0.229268321647
0.376724250407 0.222471556623 0.357778289841
0.356330063734 0.216401318273 0.2065480238
0.219950261893 0.208397832997 0.427801424375
0.244064273582 0.267495205875 0.399840124172
0.248023677983 0.235018511393 0.324163942983
0.34779803921 0.424090664848 0.343822488359
0.258901102911 0.206990705722 0.455150124396
0.308148646996 0.276933178976 0.21283072253
0.349746847774 0.403370449256 0.202754893832
0.403352507231 0.247447357587 0.266684960776
0.395309767681 0.342783767493 0.320000372765
0.279753538746 0.330050807475 0.461228725217
0.418522157026 0.268228565988 0.386251145256
0.204530082216 0.29621335769 0.308425918301
0.209024762768 0.421005575389 0.373487320853
0.228313147313 0.413159074937 0.392045063636
0.228298201883 0.26248988619 0.316392352166
0.286256322461 0.326624597972 0.389575016975
0.236263818254 0.329465462132 0.406506426279
0.24631463519 0.371344830566 0.219243462181
0.378406712963 0.258256080949 0.21694637139
0.251620552423 0.238734006381 0.345615343367
0.266169680998 0.240159936925 0.419215703792
0.231074748066 0.332119768858 0.304587148831
0.208566434618 0.423663367057 0.29752787876
0.258036122299 0.236313439097 0.252881717414
0.306790361336 0.238458126539 0.238959458721
0.254447277477 0.29931842644 0.20035201779
0.222029960365 0.327186016267 0.217073520542
0.275579500323 0.204389172833 0.251723738912
0.334105466427 0.234697690924 0.380344408223
0.225845890041 0.277111492647 0.442984654575
0.25111666782 0.252128062477 0.28213909917
0.263085170566 0.378687641305 0.211663688283
0.278708577366 0.316350625162 0.211767419857
0.227001442537 0.237582688208 0.29835568741
0.277406615233 0.216068884269 0.320556795745
0.225598664127 0.30405546255 0.328825983477
0.261122164895 0.284222962136 0.226863230957
0.298429055841 0.215410789447 0.263146819542
0.28880094687 0.282853749712 0.235878996265
0.322073094042 0.276032433099 0.459063886179
0.294039486856 0.288853415486 0.379146004223
0.207165301471 0.375024543131 0.269083773914
0.278468686654 0.345571194178 0.32849171558
0.205736677023 0.286484982217 0.322378499149
0.264842022957 0.234081857949 0.303164527114
0.286600104839 0.229718932053 0.297844805778
0.226606163251 0.266305134136 0.34730706638
0.366329129222 0.348752420251 0.346100607584
0.30628254603 0.246500950951 0.328072140323
0.286776795651 0.232318451879 0.229084650655
0.392878669868 0.399154951385 0.291059037763
0.202284491023 0.207384962324 0.326867313871
0.316217586036 0.286938704154 0.384971903431
0.3032078996 0.275169258157 0.314584593012
0.404554307715 0.234172745748 0.302487231354
0.250526164414 0.24799560261 0.292548840644
0.234282179725 0.211455559864 0.447872570986
0.245737447206 0.230579338756 0.238383441351
0.203464926295 0.219009814101 0.222177031654
0.204449210097 0.279267326619 0.225123402527
0.236554894217 0.200860403952 0.29057272342
0.213510498089 0.207657566417 0.255869419895
0.325548560722 0.31392249087 0.289683975182
0.275581067335 0.291255171133 0.205889174926
0.314392107329 0.29519083524 0.317393506064
0.283570582907 0.256715353091 0.420367873589
0.201298395943 0.261121229379 0.325400900075
0.264131973801 0.271326536599 0.207788271006
0.208017603618 0.283860511723 0.264306172702
0.326747864171 0.203368006969 0.299419671055
0.250748499069 0.298607493996 0.205323270435
0.212950226706 0.270505783913 0.219393586751
0.347829824213 0.348892096765 0.298068598947
0.405722006586 0.210300825766 0.262193314381
0.218068315774 0.334548233334 0.324558803506
0.295939300214 0.281848536356 0.367168492212
0.349001912503 0.393822517594 0.219027426954
0.320383361683 0.355534788973 0.336924974929
0.238522355884 0.422316862815 0.227188174061
0.243184552706 0.286985791996 0.265596150017
0.417166561058 0.234121604364 0.235721442361
0.34995953752 0.211414184332 0.251038483264
0.223567753804 0.366627227798 0.368547682458
0.332185837148 0.232936268619 0.283101925646
0.203653089192 0.253002030891 0.356032790173
0.37878117134 0.212236834716 0.249062494264
0.327895010839 0.315644392024 0.320215731115
0.488519152113 0.303242956447 0.318503176221
0.235159355317 0.280250060795 0.351543799888
0.235207548197 0.27856885232 0.209249605588
0.275872653769 0.385129953679 0.22769023145
0.2897501049 0.337108866922 0.298395814011
0.29064667779 0.248476012556 0.330973747778
0.342002797592 0.200222907795 0.254575849582
0.223588736838 0.412163739119 0.431104558804
0.345738433653 0.36893282702 0.243194131113
0.214805798122 0.209273804708 0.202276272714
0.34455491981 0.272661382845 0.212771582296
0.315440199263 0.327643177874 0.218252771303
0.204061237949 0.241733325718 0.370089734225
0.223857385493 0.479493076601 0.337220548079
0.268205776423 0.26605155484 0.238067724247
0.446677265543 0.220210583156 0.230230557405
0.252033009829 0.268500587922 0.211084339987
0.247583202624 0.451636315034 0.233430193975
0.335704822704 0.211486045008 0.245098271236
0.376355425509 0.217323726313 0.275934895589
0.214232357527 0.294230672774 0.251518817809
0.330803081914 0.238605950301 0.358112215557
0.242791190147 0.367528628958 0.290306599833
0.209840981752 0.21001052318 0.28015430911
0.228927431865 0.271683347001 0.205952161197
0.244632163586 0.238571197136 0.319084191068
0.323829268365 0.232534994021 0.280375074227
0.342007184707 0.28757587831 0.266207132096
0.260414585134 0.205028179748 0.276377555282
0.222007968041 0.265336400722 0.200326020409
0.484746401871 0.468083191763 0.337073020726
0.24396599459 0.386605754521 0.247772964263
0.278940648504 0.261988001201 0.301732998583
0.252831103342 0.333740107963 0.468571397931
0.345151078408 0.281950465983 0.269901673752
0.367666928229 0.235077292451 0.203546186394
0.234360286799 0.310509618527 0.243254071479
0.239200209914 0.331653917859 0.371528900482
0.293055324632 0.217581456638 0.211585221605
0.204230661774 0.209831041777 0.233626664481
0.394751810761 0.299772274521 0.206987542422
0.21779234881 0.414577947541 0.408189757792
0.25183551826 0.225861699052 0.263746957252
0.219578855282 0.208118383953 0.355797697247
0.300771164467 0.201607966361 0.223848539038
0.235325589436 0.254782908836 0.228126607075
0.292708691999 0.296989844348 0.488657641243
0.410823866137 0.225718332725 0.226264309386
0.200080802364 0.216754670667 0.233087607882
0.268527961132 0.46568071317 0.323947148665
0.359713198372 0.306145276843 0.33322159888
0.254771056393 0.237837276516 0.228655192792
0.476665841158 0.281468099122 0.339514388838
0.448365809685 0.221278971456 0.457472056737
0.339530126149 0.226345309385 0.462154125446
0.22019998354 0.221262624126 0.346671120164
0.229871449952 0.236801752008 0.23906180153
0.285639368466 0.28890935737 0.204855616159
0.276348650929 0.268486898458 0.219336142049
0.28422397684 0.220292779034 0.240712623356
0.392052582873 0.311035954974 0.262965451877
0.252775322406 0.223889576492 0.288509446696
0.222111441032 0.301202467554 0.280286752671
0.208724441169 0.406823556335 0.299105999614
0.272277467027 0.439489277065 0.245157001452
0.289304556036 0.211601628863 0.246289577757
0.316966914855 0.208365164562 0.320392468532
0.218205336622 0.279186651418 0.203714366309
0.241351842712 0.235677595924 0.211211880976
0.271826535109 0.203121336366 0.29435713385
0.208281257256 0.207834758646 0.303223067912
0.201113323388 0.202478488581 0.266890849188
0.22934296093 0.206206045751 0.210424097893
0.237853908482 0.29531142683 0.205705233432
0.216888642921 0.273037250195 0.254995058657
0.348998092811 0.297164685036 0.316218909305
0.294782134792 0.218150979551 0.36116617303
0.247335760473 0.239949183731 0.214007923087
0.21846139513 0.291447696567 0.308145789513
0.238232343012 0.236029443424 0.220934616973
0.225003594405 0.209517459434 0.262973068853
0.330937439327 0.204482684061 0.38887143172
0.377107257828 0.398148414146 0.244772146823
0.254519054737 0.271564790105 0.202213820773
0.236720260545 0.234727493737 0.224970695413
0.32106406031 0.234685617198 0.23450376475
0.369149133426 0.256262699673 0.266010579335
0.277993766033 0.223396769946 0.327427957959
0.361360270091 0.394131767229 0.202716942016
0.308439169561 0.238033417289 0.449030368025
0.212257590718 0.286879835444 0.254567120282
0.316104385874 0.236899924319 0.200018631784
0.233721909565 0.205978907462 0.246704660394
0.201255329273 0.234296787531 0.217907626648
0.351446798091 0.203506699051 0.323269215931
0.237679019141 0.274801727392 0.254887855183
0.212420523382 0.203821125436 0.255962012733
0.310999423851 0.284920017605 0.274149303319
0.285733894124 0.250289985543 0.310649997948
0.208338780268 0.210441306366 0.248569334059
0.226897942726 0.34580848741 0.21171505212
0.235284706237 0.31411307529 0.271930862834
0.333143068321 0.238369218665 0.458302322638
0.355198177187 0.347902975054 0.357233066046
0.260591703318 0.202109461293 0.202212822245
0.211020803144 0.407073652187 0.257787928105
0.269750402547 0.230951313135 0.25361142862
0.254983844654 0.232347300389 0.25034811364
0.267290679263 0.327256869147 0.245119369695
0.265757462317 0.210773301639 0.273893565992
0.291597906941 0.3600437518 0.259935787139
0.256551995124 0.211866763142 0.301721217866
0.220489339335 0.249414013281 0.379093053878
0.258568055662 0.297916051611 0.245207478023
0.200778870285 0.245731593835 0.281155263995
0.348357105165 0.226057770041 0.267999821755
0.210625181776 0.264786517228 0.235345784958
0.265688336221 0.293543870308 0.283632161553
0.228734189909 0.217889169903 0.29004440486
0.208080358279 0.245684135136 0.320575044527
0.264096074721 0.300518130932 0.254772944326
0.249210465707 0.315211862082 0.380686773866
0.278867558952 0.261519976584 0.225162548121
0.237449821032 0.36638615742 0.377535378283
0.304790047223 0.226757360476 0.298869034156
0.347448158821 0.307338618749 0.359171239208
0.285991770967 0.209389016135 0.250134576618
0.225076164871 0.435741894766 0.282757748442
0.226182274434 0.270231632933 0.309869360691
0.221654681054 0.203933207174 0.238747632729
0.227712101213 0.220079830028 0.264015515602
0.329992117012 0.275779144705 0.2127294095
0.497210397151 0.255829785828 0.30258899276
0.236487337247 0.454671269091 0.208858356966
0.375612583113 0.221926968002 0.229166215937
0.218536844541 0.237938022365 0.253041924333
0.219702867114 0.203048249777 0.212966120143
0.471833698021 0.214663152643 0.271385030099
0.294149819615 0.218426420959 0.313977410071
0.3644808169 0.247432856988 0.348772218628
0.260721685405 0.2712292829 0.286493406497
0.217943771326 0.36966024189 0.382726457309
0.275171115603 0.23543793047 0.285888523255
0.343843756939 0.265421250753 0.334170882217
0.230295574235 0.427185535817 0.371134429428
0.3587195573 0.262884981184 0.289530813158
0.327414061307 0.454085360427 0.238222170455
0.307118853033 0.275164218417 0.267198273416
0.219767835932 0.214234987999 0.207994270027
0.273825885999 0.323065178552 0.265838170048
0.230504890243 0.25717302893 0.360299540322
0.308046749035 0.226314446247 0.292187095078
0.251144810425 0.306692513331 0.289702840742
0.318921922924 0.276070553767 0.230235205094
0.226018131462 0.253997226024 0.208412701349
0.257651976529 0.228313212452 0.232544368955
0.2004068696 0.223037617965 0.208265300913
0.476059367796 0.289315606572 0.300718480136
0.326095866029 0.205882486656 0.246523180262
0.214981873821 0.286321934826 0.306170399693
0.315220450588 0.305467537186 0.296393460149
0.320312493767 0.205413791442 0.247819194141
0.210190625098 0.219791381809 0.232442804569
0.306279309133 0.264133312277 0.201675071992
0.221476616988 0.250504369448 0.386842665617
0.202840059616 0.211504837457 0.269891748821
0.214256160176 0.242582872321 0.212816858818
0.331389439053 0.308064584631 0.263703329642
0.242379191819 0.341815533453 0.28065084197
0.207199241315 0.220810122694 0.215205160809
0.351803329843 0.378358268152 0.320347209544
0.29191214034 0.355940979099 0.230729312636
0.334262179853 0.217617031774 0.222978187037
0.330954393485 0.223302223178 0.24417171051
0.213002459657 0.230072271461 0.299399156923
0.259174661784 0.276149825794 0.320052692821
0.252133814384 0.302106273654 0.341573859183
0.259135794633 0.228295494758 0.203893847922
0.277156818482 0.265025684019 0.207586971689
0.310288224222 0.326775812413 0.230002251307
0.285414353067 0.383877022849 0.41843584999
0.316131762851 0.281577418298 0.235314047645
0.339726494138 0.240631531095 0.446463541995
0.230389865541 0.291041456 0.293455793226
0.36171326619 0.217115297208 0.253870497351
0.210554224586 0.400144959683 0.257488676461
0.243673806802 0.202561557393 0.254393030979
0.225020408245 0.404179311196 0.37267205105
0.269953470387 0.20175665569 0.250135647346
0.260697897041 0.269796301467 0.278661224802
0.224767725296 0.25847179946 0.21954037371
0.349363786441 0.220686546717 0.252155936044
0.215924061775 0.206221945066 0.211043819626
0.331213974041 0.271299351204 0.2288691271
0.202680680941 0.237894646968 0.483202505199
0.217973739961 0.242981773347 0.200926238796
